25042009
25513635
26012022
26512251
27002596
27503284
28004885
28511604
29022202
29505008
30001744
30509742
30995819
31493762
31997410
32502763
33008296
33504778
34007693
34501036
35015495
35508628
36015640
36491235
37004934
37518440
38016439
38512015
39006559
39526062
40026193
40515593
41020416
41509716
42020479
42526087
43021763
43515917
44018687
44525851
45010315
45514249
46003378
46508329
47022720
47509527
48006726
48509079
49017064
49497083
