25035209
25508064
26008235
26497108
26998914
27499399
28012143
28506621
29006882
29517744
30024096
30537416
31034332
31553159
32071925
32574731
33067361
33561670
34063133
34558521
35066802
35572050
36079487
36587363
37087816
37593020
38092990
38605858
39104009
39607624
40083536
40580866
41083120
41592299
42093724
42588577
43073996
43572876
44070923
44574194
45072076
45568478
46066593
46576011
47063834
47566099
48059686
48572980
49077322
49574987
